Group	Case Count	Control Count	Trial
Train	6214	113075	1
Valid	1771	32297	1
Test	910	16129	1
Train	6287	112895	2
Valid	1730	32359	2
Test	878	16247	2
Train	6233	113051	3
Valid	1800	32307	3
Test	862	16143	3
Train	6247	113152	4
Valid	1724	32253	4
Test	924	16096	4
Train	6289	113173	5
Valid	1731	32166	5
Test	875	16162	5
Train	6197	113099	6
Valid	1795	32387	6
Test	903	16015	6
Train	6213	113265	7
Valid	1796	32179	7
Test	886	16057	7
Train	6172	113069	8
Valid	1818	32300	8
Test	905	16132	8
Train	6215	113299	9
Valid	1794	31991	9
Test	886	16211	9
Train	6248	113349	10
Valid	1771	32056	10
Test	876	16096	10
